Multiple size <= 100
TEST 1 ARG:73 56 71 92 48 49 60 63 2 39 37 22 23 40 15 16 10 75 31 97 28 43 44 94 46 96 66 72 14 4 12 38 81 9 80 11 50 67 61 58 74 36 32 79 30 19 90 77 65 47 69 88 95 18 68 93 45 62 17 86 13 6 89 34 57 26 8 25 29 1 87 54 53 82 52 59 0 3 78 55 85 41 27 51 42 20 70 76 24 21 35 84 64 98 33 99 5 7 83 91
TEST 1 ARG:73 56 71 92 48 49 60 63 2 39 37 22 23 40 15 16 10 75 31 97 28 43 44 94 46 96 66 72 14 4 12 38 81 9 80 11 50 67 61 58 74 36 32 79 30 19 90 77 65 47 69 88 95 18 68 93 45 62 17 86 13 6 89 34 57 26 8 25 29 1 87 54 53 82 52 59 0 3 78 55 85 41 27 51 42 20 70 76 24 21 35 84 64 98 33 99 5 7 83 91
TEST 2 ARG:40 23 68 44 66 32 57 97 95 50 31 51 92 49 41 71 86 17 46 15 76 16 87 85 0 8 10 88 27 33 11 42 7 1 56 55 61 93 47 79 90 65 20 25 82 64 43 59 2 36 81 12 77 34 37 13 22 29 19 78 72 45 54 94 39 69 38 3 60 70 83 99 5 75 52 21 98 58 84 4 73 18 24 67 91 53 62 48 28 6 80 63 96 74 89 35 9 14 30 26
TEST 2 ARG:40 23 68 44 66 32 57 97 95 50 31 51 92 49 41 71 86 17 46 15 76 16 87 85 0 8 10 88 27 33 11 42 7 1 56 55 61 93 47 79 90 65 20 25 82 64 43 59 2 36 81 12 77 34 37 13 22 29 19 78 72 45 54 94 39 69 38 3 60 70 83 99 5 75 52 21 98 58 84 4 73 18 24 67 91 53 62 48 28 6 80 63 96 74 89 35 9 14 30 26
TEST 3 ARG:39 17 71 64 18 32 45 49 53 86 95 66 81 96 72 9 61 47 38 82 48 25 1 8 85 3 23 20 70 87 63 55 92 19 7 88 60 30 24 80 91 31 54 74 34 10 33 41 21 5 16 51 4 78 83 58 6 99 62 50 89 73 77 13 44 69 84 11 93 56 57 12 76 0 42 90 15 97 65 68 28 40 52 36 67 46 37 14 79 59 75 27 22 94 98 35 26 43 2 29
TEST 3 ARG:39 17 71 64 18 32 45 49 53 86 95 66 81 96 72 9 61 47 38 82 48 25 1 8 85 3 23 20 70 87 63 55 92 19 7 88 60 30 24 80 91 31 54 74 34 10 33 41 21 5 16 51 4 78 83 58 6 99 62 50 89 73 77 13 44 69 84 11 93 56 57 12 76 0 42 90 15 97 65 68 28 40 52 36 67 46 37 14 79 59 75 27 22 94 98 35 26 43 2 29
TEST 4 ARG:59 79 51 92 5 69 26 77 9 50 3 88 96 19 58 0 6 91 66 15 48 63 54 62 43 30 82 57 36 14 2 27 4 46 37 68 98 75 83 21 55 42 64 34 7 8 52 60 95 94 87 39 78 44 90 71 24 49 97 16 22 20 11 31 41 84 45 28 40 25 80 47 85 70 56 33 86 99 61 38 76 32 93 35 13 17 53 1 72 29 65 81 10 23 89 12 18 67 74 73
TEST 4 ARG:59 79 51 92 5 69 26 77 9 50 3 88 96 19 58 0 6 91 66 15 48 63 54 62 43 30 82 57 36 14 2 27 4 46 37 68 98 75 83 21 55 42 64 34 7 8 52 60 95 94 87 39 78 44 90 71 24 49 97 16 22 20 11 31 41 84 45 28 40 25 80 47 85 70 56 33 86 99 61 38 76 32 93 35 13 17 53 1 72 29 65 81 10 23 89 12 18 67 74 73
TEST 5 ARG:66 4 27 12 6 81 75 59 13 17 55 94 92 88 31 26 93 46 69 57 38 50 7 83 80 28 48 84 77 11 63 49 96 45 39 76 33 85 16 21 90 2 5 61 0 34 74 99 58 87 68 43 72 20 79 41 52 8 91 64 30 54 44 42 65 53 73 1 47 37 95 89 62 9 97 22 25 14 56 36 60 23 98 3 24 18 32 82 86 29 19 67 35 78 15 51 71 70 10 40
TEST 5 ARG:66 4 27 12 6 81 75 59 13 17 55 94 92 88 31 26 93 46 69 57 38 50 7 83 80 28 48 84 77 11 63 49 96 45 39 76 33 85 16 21 90 2 5 61 0 34 74 99 58 87 68 43 72 20 79 41 52 8 91 64 30 54 44 42 65 53 73 1 47 37 95 89 62 9 97 22 25 14 56 36 60 23 98 3 24 18 32 82 86 29 19 67 35 78 15 51 71 70 10 40
TEST 6 ARG:47 19 69 6 2 86 93 27 57 54 8 9 60 17 84 95 56 33 43 20 14 98 16 12 87 5 73 7 30 45 90 4 26 79 92 96 74 1 71 58 64 80 39 66 94 46 35 41 65 48 55 78 22 31 81 32 44 38 13 15 99 25 72 23 28 63 29 61 0 42 50 85 83 37 36 70 52 62 91 67 10 18 75 40 24 97 11 59 3 76 49 51 89 82 77 88 68 34 53 21
TEST 6 ARG:47 19 69 6 2 86 93 27 57 54 8 9 60 17 84 95 56 33 43 20 14 98 16 12 87 5 73 7 30 45 90 4 26 79 92 96 74 1 71 58 64 80 39 66 94 46 35 41 65 48 55 78 22 31 81 32 44 38 13 15 99 25 72 23 28 63 29 61 0 42 50 85 83 37 36 70 52 62 91 67 10 18 75 40 24 97 11 59 3 76 49 51 89 82 77 88 68 34 53 21
TEST 7 ARG:58 18 86 55 60 54 88 27 80 26 6 61 4 81 82 46 38 42 9 35 67 45 39 53 32 68 57 73 48 15 33 85 31 92 37 3 51 79 74 64 62 91 28 17 97 23 75 16 1 69 2 19 95 43 12 63 50 84 66 24 34 10 94 90 65 20 25 99 83 87 96 22 5 13 36 21 70 8 29 89 59 71 30 76 77 93 98 52 0 78 49 7 56 47 14 41 72 40 11 44
TEST 7 ARG:58 18 86 55 60 54 88 27 80 26 6 61 4 81 82 46 38 42 9 35 67 45 39 53 32 68 57 73 48 15 33 85 31 92 37 3 51 79 74 64 62 91 28 17 97 23 75 16 1 69 2 19 95 43 12 63 50 84 66 24 34 10 94 90 65 20 25 99 83 87 96 22 5 13 36 21 70 8 29 89 59 71 30 76 77 93 98 52 0 78 49 7 56 47 14 41 72 40 11 44
TEST 8 ARG:88 80 79 4 53 55 16 75 99 14 0 86 26 78 18 11 13 32 98 52 95 68 44 41 3 22 70 29 71 47 97 37 90 83 23 51 15 50 35 48 1 76 8 66 39 64 30 59 49 28 87 6 43 57 61 31 85 27 12 56 10 36 91 58 33 45 24 34 93 84 62 89 17 92 69 74 7 54 60 96 2 21 63 67 9 46 40 82 42 72 20 65 19 77 81 38 5 94 73 25
TEST 8 ARG:88 80 79 4 53 55 16 75 99 14 0 86 26 78 18 11 13 32 98 52 95 68 44 41 3 22 70 29 71 47 97 37 90 83 23 51 15 50 35 48 1 76 8 66 39 64 30 59 49 28 87 6 43 57 61 31 85 27 12 56 10 36 91 58 33 45 24 34 93 84 62 89 17 92 69 74 7 54 60 96 2 21 63 67 9 46 40 82 42 72 20 65 19 77 81 38 5 94 73 25
TEST 9 ARG:56 44 16 20 63 24 10 7 72 11 86 65 95 98 84 88 50 77 14 92 94 27 55 30 12 68 33 45 96 35 34 62 25 1 83 6 3 79 69 99 66 32 15 46 28 60 76 49 74 53 31 58 13 37 64 17 48 87 36 54 97 2 47 0 70 91 61 93 57 75 40 18 9 78 80 41 5 42 4 19 81 71 73 29 21 59 52 90 23 8 39 26 38 89 67 51 82 22 43 85
TEST 9 ARG:56 44 16 20 63 24 10 7 72 11 86 65 95 98 84 88 50 77 14 92 94 27 55 30 12 68 33 45 96 35 34 62 25 1 83 6 3 79 69 99 66 32 15 46 28 60 76 49 74 53 31 58 13 37 64 17 48 87 36 54 97 2 47 0 70 91 61 93 57 75 40 18 9 78 80 41 5 42 4 19 81 71 73 29 21 59 52 90 23 8 39 26 38 89 67 51 82 22 43 85
TEST 10 ARG:36 4 22 27 72 38 17 12 95 20 32 67 93 97 92 88 25 33 16 54 62 70 0 26 2 96 19 60 80 14 40 9 10 37 65 47 66 79 8 83 77 1 69 45 23 7 64 15 99 6 29 51 48 82 75 86 98 59 71 42 34 90 31 56 46 73 43 30 55 13 89 53 87 94 91 3 74 76 78 39 21 52 28 24 63 44 84 41 49 50 5 61 58 11 35 68 85 57 18 81
TEST 10 ARG:36 4 22 27 72 38 17 12 95 20 32 67 93 97 92 88 25 33 16 54 62 70 0 26 2 96 19 60 80 14 40 9 10 37 65 47 66 79 8 83 77 1 69 45 23 7 64 15 99 6 29 51 48 82 75 86 98 59 71 42 34 90 31 56 46 73 43 30 55 13 89 53 87 94 91 3 74 76 78 39 21 52 28 24 63 44 84 41 49 50 5 61 58 11 35 68 85 57 18 81
TEST 11 ARG:48 31 79 56 41 65 24 66 8 61 74 91 5 49 55 52 18 28 2 83 64 50 42 67 39 15 73 76 38 12 4 78 44 34 37 88 1 58 7 11 99 68 3 54 51 86 81 10 92 87 29 71 94 96 53 9 19 21 60 70 45 82 23 93 80 13 98 57 85 89 33 6 77 84 27 59 14 43 22 62 95 90 25 17 26 30 20 0 47 16 72 97 69 40 32 63 75 35 36 46
TEST 11 ARG:48 31 79 56 41 65 24 66 8 61 74 91 5 49 55 52 18 28 2 83 64 50 42 67 39 15 73 76 38 12 4 78 44 34 37 88 1 58 7 11 99 68 3 54 51 86 81 10 92 87 29 71 94 96 53 9 19 21 60 70 45 82 23 93 80 13 98 57 85 89 33 6 77 84 27 59 14 43 22 62 95 90 25 17 26 30 20 0 47 16 72 97 69 40 32 63 75 35 36 46
